130 532
130 528
130 524
131 520
131 516
131 512
132 508
132 504
132 500
133 496
133 492
133 488
134 484
134 480
134 476
135 472
135 468
135 464
135 460
136 456
136 452
136 448
137 444
137 440
137 436
138 432
138 428
138 425
138 425
138 425
138 425
138 425
133 426
128 430
125 427
123 424
120 421
118 418
115 415
112 412
110 409
107 406
104 403
102 400
99 397
96 394
96 394
96 394
96 394
101 390
107 388
107 388
107 388
107 388
107 388
107 388
107 384
107 380
108 376
108 372
108 368
109 365
109 361
109 357
110 353
110 349
110 345
111 341
111 337
111 333
111 329
112 325
112 321
112 317
113 313
113 309
113 305
114 301
114 297
114 293
115 289
115 285
115 281
116 277
116 273
116 269
117 265
117 261
117 257
117 257
117 257
117 257
123 257
129 260
132 265
132 265
132 265
132 265
132 265
132 265
136 264
140 262
144 261
148 260
151 259
155 258
159 257
163 256
167 254
171 253
174 252
178 251
182 250
186 249
190 248
190 248
190 248
190 248
186 243
181 240
181 240
181 240
181 240
181 240
181 240
183 237
184 233
186 229
188 226
190 222
192 219
194 215
195 212
197 208
199 205
201 201
203 198
205 194
207 190
208 187
210 183
212 180
214 176
216 173
218 169
219 166
221 162
223 159
225 155
227 151
229 148
231 144
232 141
234 137
236 134
238 130
240 127
242 123
243 119
245 116
247 112
247 112
247 112
252 115
256 120
258 126
258 126
258 126
258 126
258 126
258 126
262 126
266 126
270 127
274 127
278 128
282 128
286 129
290 129
294 129
298 130
302 130
306 131
310 131
314 132
318 132
322 133
326 133
330 133
334 134
338 134
341 135
345 135
349 136
349 136
349 136
349 136
348 130
344 125
339 122
339 122
339 122
339 122
339 122
340 119
342 115
344 112
346 108
348 105
350 101
351 98
353 94
355 90
355 90
355 90
355 90
361 93
364 98
366 104
366 104
366 104
366 104
366 104
366 104
366 104
370 104
374 104
378 105
382 105
386 106
390 106
394 107
398 107
402 108
406 108
410 108
414 109
418 109
422 110
426 110
430 111
434 111
438 111
442 112
446 112
450 113
454 113
458 114
461 114
465 114
469 115
473 115
477 116
481 116
485 117
489 117
493 118
497 118
501 118
505 119
509 119
513 120
517 120
521 121
525 121
529 121
533 122
537 122
541 123
545 123
549 124
553 124
557 124
561 125
565 125
569 126
573 126
577 127
581 127
585 128
589 128
593 128
597 129
601 129
605 130
609 130
613 131
617 131
621 131
625 132
628 132
632 133
636 133
640 134
640 134
640 134
640 134
640 134
640 133
638 127
638 127
638 127
638 127
638 127
642 126
646 125
650 123
653 122
657 120
661 119
665 118
668 116
672 115
676 114
680 112
684 111
687 110
691 108
695 107
699 106
702 104
706 103
710 102
714 100
717 99
721 98
725 96
729 95
733 94
736 92
740 91
744 90
748 88
751 87
755 86
759 84
763 83
766 82
770 80
774 79
778 78
782 76
785 75
789 74
793 72
797 71
800 70
804 68
808 67
812 66
815 64
819 63
823 62
827 60
831 59
834 58
834 58
834 58
836 63
836 69
833 75
833 75
833 75
833 75
833 75
833 75
836 78
839 81
841 84
844 87
846 90
849 93
852 96
854 99
857 102
859 105
862 108
865 111
867 114
870 117
872 120
875 123
878 126
880 129
883 132
886 135
888 138
891 141
893 144
896 147
899 150
901 153
904 156
906 159
909 162
912 166
914 169
917 172
920 175
922 178
925 181
927 184
930 187
933 190
935 193
938 196
940 199
943 202
946 205
948 208
951 211
954 214
956 217
959 220
961 223
961 223
961 223
961 223
957 227
951 229
945 228
940 225
940 225
940 225
940 225
940 225
937 228
934 230
930 233
927 236
924 238
921 241
918 243
915 246
912 248
909 251
906 253
903 256
899 258
896 261
896 261
896 261
896 261
902 264
908 264
908 264
908 264
908 264
908 264
908 264
908 264
907 268
907 272
907 276
906 280
906 284
905 288
905 292
905 296
904 300
904 304
904 308
903 312
903 316
903 320
902 324
902 328
902 332
901 336
901 340
901 344
900 348
900 352
900 356
899 360
899 364
898 368
898 372
898 376
898 376
898 376
898 376
892 375
886 372
886 372
886 372
886 372
886 372
886 372
886 372
883 375
880 377
877 380
874 382
871 385
868 387
865 390
862 392
859 395
855 398
852 400
849 403
846 405
843 408
840 410
837 413
834 415
831 418
827 420
824 423
821 425
818 428
815 430
812 433
809 435
806 438
803 440
800 443
796 445
793 448
790 451
787 453
784 456
781 458
778 461
775 463
772 466
769 468
765 471
762 473
762 473
762 473
762 473
768 476
774 477
779 475
779 475
779 475
779 475
779 475
779 475
781 479
782 482
783 486
784 490
785 494
787 498
788 501
789 505
790 509
792 513
793 517
794 520
795 524
797 528
798 532
799 536
800 540
801 543
803 547
804 551
805 555
806 559
808 562
809 566
810 570
811 574
812 578
814 581
815 585
816 589
817 593
819 597
820 600
821 604
822 608
824 612
825 616
826 619
827 623
828 627
828 627
828 627
828 627
833 623
836 618
836 618
836 618
836 618
836 618
836 618
839 620
843 621
846 623
850 625
854 627
857 628
861 630
864 632
868 634
872 635
875 637
879 639
882 641
886 643
889 644
893 646
897 648
900 650
904 651
907 653
911 655
915 657
918 659
922 660
925 662
929 664
933 666
936 667
940 669
943 671
947 673
950 674
954 676
954 676
954 676
951 682
947 686
941 687
941 687
941 687
941 687
941 687
941 687
941 691
940 695
940 699
940 703
939 707
939 711
939 715
938 719
938 723
938 727
937 731
937 735
936 739
936 743
936 747
935 751
935 755
935 759
934 763
934 767
934 771
933 775
933 779
933 783
932 787
932 791
932 795
931 799
931 803
931 807
930 811
930 815
929 819
929 823
929 827
928 831
928 835
928 839
927 843
927 847
927 851
926 855
926 859
926 863
925 867
925 871
925 875
924 879
924 883
923 887
923 891
923 895
922 899
922 903
922 907
921 911
921 911
921 911
921 911
915 910
910 907
906 902
906 902
906 902
906 902
906 902
906 902
902 904
899 905
895 906
891 907
887 908
883 909
879 910
876 911
872 912
868 914
864 915
860 916
856 917
853 918
849 919
845 920
841 921
837 923
833 924
829 925
826 926
822 927
818 928
814 929
810 930
806 931
803 933
799 934
795 935
791 936
787 937
783 938
780 939
776 940
776 940
776 940
776 940
774 935
775 929
778 923
778 923
778 923
778 923
778 923
778 923
775 920
773 917
770 914
768 911
766 908
763 904
761 901
758 898
756 895
753 892
751 888
749 885
746 882
744 879
741 876
739 873
736 869
734 866
732 863
729 860
727 857
724 854
722 850
719 847
717 844
715 841
712 838
710 835
707 831
705 828
702 825
700 822
697 819
695 815
693 812
690 809
688 806
685 803
685 803
685 803
685 803
690 799
696 798
696 798
696 798
696 798
696 798
696 798
696 798
696 798
696 798
696 798
696 798
696 798
696 798
696 798
696 798
697 794
697 790
698 786
698 782
699 778
699 774
700 770
701 766
701 762
702 758
702 754
703 750
704 746
704 742
705 738
705 734
705 734
705 734
705 734
705 734
705 734
699 736
695 739
695 739
695 739
695 739
695 739
695 739
695 739
695 739
692 736
690 733
687 730
685 727
683 724
680 720
678 717
675 714
673 711
670 708
668 705
665 701
663 698
661 695
658 692
656 689
653 685
653 685
653 685
653 685
653 685
658 682
658 682
658 682
658 682
658 682
658 682
658 682
657 678
656 674
655 670
654 666
653 662
652 659
651 655
650 651
649 647
648 643
647 639
646 635
645 631
644 628
643 624
642 620
641 616
640 612
639 608
638 604
637 600
636 597
635 593
634 589
633 585
632 581
631 577
630 573
629 570
628 566
627 562
626 558
625 554
624 550
623 546
622 542
621 539
620 535
619 531
618 527
617 523
616 519
615 515
614 511
613 508
612 504
611 500
610 496
609 492
608 488
607 484
606 480
605 477
604 473
603 469
602 465
601 461
600 457
599 453
598 449
597 446
596 442
595 438
594 434
594 434
594 434
594 434
594 434
594 434
594 434
594 434
594 434
594 434
594 434
594 434
594 434
594 434
594 434
589 438
586 443
586 443
586 443
586 443
586 443
586 443
586 443
586 443
583 441
579 439
576 437
572 435
569 433
565 431
562 429
558 427
555 425
551 423
548 421
544 419
541 417
537 415
534 413
530 411
527 409
524 407
520 405
517 403
513 401
510 399
506 397
503 395
499 393
496 391
492 389
489 387
485 385
482 384
478 382
475 380
471 378
468 376
464 374
461 372
457 370
454 368
451 366
447 364
444 362
440 360
437 358
433 356
430 354
426 352
423 350
419 348
416 346
416 346
416 346
416 346
416 346
415 352
417 358
417 358
417 358
417 358
417 358
417 358
417 358
417 358
413 359
409 360
405 361
401 362
397 363
394 364
390 365
386 367
382 368
378 369
374 370
371 371
367 372
363 373
359 374
355 376
351 377
348 378
344 379
344 379
344 379
344 379
344 379
348 384
353 386
359 387
359 387
359 387
359 387
359 387
359 387
359 387
359 387
358 391
358 395
358 399
357 403
357 407
357 411
356 415
356 419
356 423
355 427
355 431
355 435
354 439
354 443
354 447
353 451
353 455
352 459
352 463
352 467
351 471
351 475
351 479
350 483
350 487
350 491
349 495
349 499
349 502
348 506
348 510
348 514
348 514
348 514
348 514
353 513
358 509
358 509
358 509
358 509
358 509
358 509
358 509
360 512
363 515
366 518
368 521
371 524
374 527
376 530
379 533
381 536
384 539
387 542
389 545
392 548
394 551
397 554
400 557
402 560
405 563
407 566
410 569
413 572
415 575
418 578
421 581
423 584
426 587
428 590
431 593
434 597
436 600
439 603
441 606
444 609
447 612
449 615
452 618
455 621
457 624
460 627
462 630
465 633
468 636
470 639
473 642
475 645
478 648
481 651
483 654
486 657
488 660
491 663
494 666
496 669
496 669
496 669
496 669
492 673
486 675
486 675
486 675
486 675
486 675
486 675
486 675
486 679
485 683
485 687
485 691
484 695
484 699
484 703
483 707
483 711
483 715
482 719
482 723
481 727
481 731
481 735
480 739
480 743
480 747
479 751
479 755
479 759
478 763
478 767
478 771
477 775
477 779
477 783
476 787
476 790
475 794
475 798
475 802
474 806
474 810
474 814
473 818
473 822
473 826
472 830
472 834
472 838
471 842
471 846
471 850
470 854
470 858
470 862
469 866
469 870
468 874
468 878
468 882
467 886
467 890
467 894
466 898
466 902
466 906
465 910
465 910
465 910
465 910
465 910
459 909
454 907
454 907
454 907
454 907
454 907
454 907
454 907
451 909
448 912
445 914
442 917
438 919
435 922
432 924
429 927
426 929
423 932
420 934
417 937
414 939
411 942
407 945
404 947
401 950
398 952
395 955
392 957
389 960
386 962
383 965
383 965
383 965
383 965
383 965
379 960
377 954
378 948
378 948
378 948
378 948
378 948
374 946
371 944
367 942
364 940
361 938
357 936
354 934
350 932
347 930
343 928
340 927
336 925
333 923
329 921
326 919
322 917
319 915
315 913
312 911
308 909
305 907
301 905
298 903
294 901
291 899
287 897
284 895
281 893
277 891
274 889
270 887
267 885
263 883
260 881
256 879
253 877
249 875
246 873
242 871
239 869
235 867
232 865
228 863
225 861
221 859
218 857
214 855
211 853
208 851
204 849
201 847
197 845
194 843
190 841
187 839
183 838
180 836
176 834
173 832
169 830
166 828
162 826
159 824
155 822
152 820
148 818
145 816
141 814
138 812
135 810
131 808
128 806
128 806
128 806
128 806
131 801
135 797
141 796
141 796
141 796
141 796
141 796
141 796
142 792
142 788
143 784
143 780
144 776
145 772
145 768
146 764
146 760
147 756
148 752
148 748
149 744
149 740
150 736
151 732
151 728
152 724
152 720
153 716
153 712
154 708
155 704
155 701
156 697
156 693
157 689
158 685
158 685
158 685
158 685
158 685
152 686
147 690
147 690
147 690
147 690
147 690
147 690
147 690
144 687
142 683
140 680
137 677
135 674
132 671
130 668
127 664
125 661
123 658
120 655
118 652
115 649
113 645
110 642
108 639
106 636
106 636
106 636
106 636
106 636
110 632
116 631
116 631
116 631
116 631
116 631
116 631
116 631
116 631
117 627
117 623
118 619
118 615
119 611
120 607
120 603
121 599
121 595
122 591
123 587
123 583
124 579
124 575
125 571
126 567
126 563
127 559
127 556
128 552
128 548
129 544
130 540
130 536
131 532
131 528
132 524
133 520
133 516
134 512
134 508
135 504
135 500
136 496
137 492
137 488
138 484
138 480
139 476
139 476
139 476
139 476
139 476
139 476
139 476
139 476
139 476
139 476
139 476
139 476
139 476
139 476
139 476
139 476
139 476
